915    902
922    897
932    885
942    880
951    870
963    862
973    850
981    841
990    825
997    810
1002    799
1009    787
1009    787
1015    762
1015    744
1016    722
1014    699
1015    665
1013    637
1012    612
1015    594
1021    577
1021    577
1033    565
1041    555
1063    544
1078    541
1088    539
1106    541
1118    544
1127    553
1134    569
1138    593
1141    614
1142    630
1139    648
1137    667
1131    687
1121    705
1109    728
1104    741
1100    753
1096    762
1097    773
1107    788
1113    797
1125    814
1135    829
1151    839
1163    843
1174    851
